multiplicand: 8712398712398712398712983.8712938712938712937129
multiplier: 7918273918273918273918273.123123987123987123987