multiplicand: 8712398712398712398712983.8712938712938712937129
multiplier: 7918273918273918273918273.123123987123987123987
result: 68987159489989992820500277519235847659136081168754.1387337275931564526387067215391014258813323

execution time: 0.481000 milliseconds
